P: 552.554261 0.000000 682.049453 0.000000 0.000000 552.554261 238.769549 0.000000 0.000000 0.000000 1.000000 0.000000
K: 788.629315 0.000000 687.158398 0.000000 786.382230 317.752196 0.000000 0.000000 0.000000
R0: 0.999974 -0.007141 -0.000089 0.007141 0.999969 -0.003247 0.000112 0.003247 0.999995
Tr_cam_to_lidar: 0.04307104361 -0.08829286498 0.995162929 0.8043914418 -0.999004371 0.007784614041 0.04392796942 0.2993489574 -0.01162548558 -0.9960641394 -0.08786966659 -0.1770225824
D: -0.344441 0.141678 0.000414 -0.000222 -0.029608
